0,772
66,6
0,735
0,734
0,733
0,732
0,731
0,730
0,729
0,728
0,727
0,726
0,725
0,724
0,723
0,722
0,721
0,720
0,719
0,718
0,717
0,716
0,715
0,714
0,713
0,712
0,711
0,710
0,709
0,708
0,707
0,706
0,705
0,704
0,703
0,702
0,701
0,700
0,699
0,698
0,697
0,696
0,695
0,694
0,693
0,692
0,691
0,690
0,689
0,688
0,687
0,686
0,685
0,684
0,683
0,682
0,681
0,680
0,679
0,678
0,677
0,676
0,675
0,674
0,673
0,672
0,671
0,670
0,669
0,668
0,667
0,666
0,665
0,664
0,663
0,662
0,661
0,660
0,659
0,658
0,657
0,656
0,655
0,654
0,653
0,652
0,651
0,650
0,649
0,648
0,647
0,646
0,645
0,644
0,643
0,642
0,641
0,640
0,639
0,638
0,637
0,636
0,635
0,634
0,633
0,632
0,631
0,630
0,629
0,628
0,627
0,626
0,625
0,624
0,623
0,622
0,621
0,620
0,619
0,618
0,617
0,616
0,615
0,614
0,613
0,612
0,611
0,610
0,609
0,608
0,607
0,606
0,605
0,604
0,603
0,602
0,601
0,600
0,599
0,598
0,597
0,511
0,509
0,768
0,311
0,310
0,0
0,307
0,306
0,13
0,339
0,11
0,9
81,34
81,33
81,32
81,31
81,30
81,29
81,28
81,27
81,26
81,25
81,24
81,23
81,22
81,21
81,20
81,19
81,18
81,17
81,16
81,15
81,14
81,13
81,12
81,11
81,10
81,9
81,8
81,7
81,6
81,5
81,4
81,3
81,2
81,0
0,484
0,469
0,303
0,483
0,468
0,302
0,467
0,301
0,466
0,300
0,482
